player_id,w_df,w_svpt,w_1stIn,w_1stWon,w_2ndWon,w_SvGms,w_bpSaved,w_bpFaced,l_ace,l_df,l_svpt,l_1stIn,l_1stWon,l_2ndWon,l_SvGms,l_bpSaved,l_bpFaced
100644,3.7028985507246377,75.55072463768116,50.93478260869565,39.64492753623188,12.782608695652174,12.623188405797102,2.949275362318841,4.434782608695652,8.341463414634147,6.2682926829268295,91.58536585365853,60.4390243902439,42.31707317073171,13.21951219512195,14.829268292682928,4.487804878048781,8.609756097560975
103333,5.368421052631579,97.36842105263158,63.473684210526315,53.578947368421055,18.63157894736842,15.947368421052632,2.6315789473684212,3.263157894736842,21.862068965517242,4.482758620689655,92.89655172413794,61.44827586206897,50.724137931034484,16.551724137931036,15.275862068965518,2.9655172413793105,4.413793103448276
103565,5.0,86.0,39.0,32.0,28.0,14.0,4.0,5.0,10.5,6.0,106.0,53.5,37.5,21.5,16.0,10.5,16.0
103819,1.7037037037037037,76.85185185185185,49.34567901234568,39.22222222222222,16.506172839506174,13.135802469135802,2.7037037037037037,3.6790123456790123,8.277777777777779,2.1666666666666665,102.38888888888889,64.72222222222223,47.611111111111114,19.055555555555557,16.27777777777778,4.777777777777778,7.833333333333333
103852,3.606060606060606,82.0,48.121212121212125,39.57575757575758,18.303030303030305,13.212121212121213,3.3333333333333335,4.363636363636363,9.92156862745098,4.03921568627451,81.0,45.490196078431374,33.19607843137255,16.294117647058822,12.509803921568627,4.666666666666667,7.882352941176471
103893,3.3,100.6,62.4,47.9,19.5,15.8,4.2,6.3,3.5,2.6,85.55,49.6,33.55,17.05,12.45,6.1,9.6
103898,5.75,126.25,74.75,57.25,24.0,17.0,8.5,11.25,7.444444444444445,6.111111111111111,82.55555555555556,47.333333333333336,31.88888888888889,15.333333333333334,12.777777777777779,5.333333333333333,9.444444444444445
103917,3.0,87.83333333333333,50.166666666666664,35.833333333333336,21.166666666666668,14.0,4.333333333333333,6.333333333333333,4.571428571428571,3.4285714285714284,94.57142857142857,58.57142857142857,40.42857142857143,17.285714285714285,14.142857142857142,5.857142857142857,8.857142857142858
103970,2.3636363636363638,68.45454545454545,42.54545454545455,29.90909090909091,14.0,9.727272727272727,4.181818181818182,5.7272727272727275,1.875,4.3125,80.875,50.25,30.9375,13.8125,12.375,4.75,9.375
104022,3.1666666666666665,73.16666666666667,45.666666666666664,31.833333333333332,15.333333333333334,11.166666666666666,4.833333333333333,6.5,3.272727272727273,3.272727272727273,81.72727272727273,50.90909090909091,34.0,15.272727272727273,12.727272727272727,4.363636363636363,8.090909090909092
104122,1.0,96.0,62.0,42.0,19.0,13.0,4.0,5.0,2.8333333333333335,1.6666666666666667,76.0,49.166666666666664,29.333333333333332,13.166666666666666,11.5,3.1666666666666665,7.0
104180,4.125,98.375,63.0,51.75,19.625,16.125,4.375,5.5,14.125,5.6875,93.0625,56.0625,42.9375,16.0625,14.3125,5.125,8.0625
104198,4.2,85.73333333333333,51.8,38.53333333333333,18.933333333333334,13.066666666666666,4.933333333333334,6.666666666666667,3.1666666666666665,4.375,79.79166666666667,47.583333333333336,32.125,14.791666666666666,12.458333333333334,4.083333333333333,8.125
104252,0.5,47.0,26.5,22.5,13.0,8.0,2.5,2.5,3.0,1.8888888888888888,72.88888888888889,44.77777777777778,27.11111111111111,13.222222222222221,11.222222222222221,4.888888888888889,9.222222222222221
104259,1.4,79.02857142857142,48.77142857142857,37.31428571428572,18.057142857142857,12.82857142857143,3.6285714285714286,4.714285714285714,4.311111111111111,2.311111111111111,80.75555555555556,48.355555555555554,32.55555555555556,16.333333333333332,12.555555555555555,4.866666666666666,8.28888888888889
104269,3.4680851063829787,81.68085106382979,53.276595744680854,40.0,14.893617021276595,13.23404255319149,3.9574468085106385,5.76595744680851,5.2592592592592595,4.037037037037037,79.14814814814815,49.074074074074076,32.629629629629626,13.851851851851851,12.0,4.87037037037037,8.425925925925926
104291,2.6666666666666665,78.47619047619048,42.904761904761905,31.761904761904763,18.952380952380953,11.714285714285714,3.9047619047619047,5.714285714285714,2.731707317073171,3.4634146341463414,77.78048780487805,42.73170731707317,27.4390243902439,15.804878048780488,11.317073170731707,5.170731707317073,9.292682926829269
104297,2.0,55.0,38.0,30.0,8.0,8.0,4.0,4.0,2.2,3.3,78.3,49.2,32.6,13.8,12.2,4.1,7.8
104312,2.847826086956522,88.1086956521739,52.0,38.891304347826086,19.217391304347824,14.23913043478261,4.282608695652174,6.565217391304348,5.901960784313726,2.6666666666666665,92.33333333333333,53.35294117647059,36.35294117647059,18.50980392156863,13.843137254901961,5.745098039215686,9.784313725490197
104386,3.4,82.8,50.8,37.6,15.4,12.4,5.0,7.0,4.142857142857143,2.7142857142857144,108.42857142857143,66.42857142857143,42.142857142857146,19.142857142857142,14.428571428571429,7.857142857142857,12.142857142857142
104467,3.0,85.0,55.0,38.0,16.0,13.0,3.0,6.0,3.0,9.0,117.0,52.0,38.0,29.0,16.0,14.0,18.0
104468,2.056603773584906,78.11320754716981,47.283018867924525,34.924528301886795,17.132075471698112,12.452830188679245,3.943396226415094,5.716981132075472,3.1875,3.125,77.59375,47.046875,30.375,13.203125,11.703125,4.65625,8.875
104527,1.8070175438596492,85.35087719298245,50.228070175438596,38.87719298245614,19.614035087719298,13.368421052631579,3.824561403508772,5.228070175438597,7.439024390243903,2.268292682926829,91.09756097560975,53.36585365853659,38.21951219512195,18.926829268292682,14.170731707317072,5.414634146341464,8.75609756097561
104534,2.75,59.5,35.75,26.25,12.25,10.5,2.25,4.5,3.125,5.5,89.0,51.125,31.5,15.875,12.75,5.875,11.125
104542,2.225806451612903,76.7741935483871,47.25806451612903,39.03225806451613,16.516129032258064,12.806451612903226,2.7419354838709675,3.774193548387097,9.3,2.566666666666667,83.33333333333333,50.2,37.1,16.233333333333334,12.933333333333334,4.7,7.3
104545,2.0609756097560976,84.67073170731707,59.86585365853659,49.75609756097561,14.5,14.463414634146341,1.975609756097561,2.4634146341463414,20.224489795918366,2.7755102040816326,92.12244897959184,62.61224489795919,47.97959183673469,15.591836734693878,14.938775510204081,3.122448979591837,5.061224489795919
104547,3.1,90.2,56.0,42.7,19.5,14.2,4.6,5.8,5.888888888888889,3.0,91.88888888888889,58.0,40.111111111111114,16.0,14.0,6.0,9.777777777777779
104571,3.0,73.85714285714286,42.142857142857146,31.785714285714285,16.857142857142858,12.5,3.2142857142857144,5.5,9.875,4.0625,84.9375,47.0625,35.375,17.125,13.0625,4.25,7.4375
104586,3.6666666666666665,106.33333333333333,67.33333333333333,51.666666666666664,21.666666666666668,16.0,5.666666666666667,7.333333333333333,4.857142857142857,4.285714285714286,92.0,58.714285714285715,41.285714285714285,15.142857142857142,15.0,4.285714285714286,8.428571428571429
104607,1.6666666666666667,77.93333333333334,48.8,39.8,14.533333333333333,12.733333333333333,2.8666666666666667,4.0,4.916666666666667,2.6666666666666665,73.91666666666667,42.416666666666664,29.583333333333332,15.583333333333334,12.083333333333334,4.583333333333333,7.916666666666667
104620,0.5,72.5,53.25,37.25,10.5,11.25,4.75,6.5,1.8333333333333333,1.3333333333333333,83.66666666666667,59.666666666666664,35.5,11.0,12.666666666666666,5.5,10.0
104629,3.0,88.0,51.5,38.0,18.5,13.0,4.5,6.5,2.2857142857142856,2.142857142857143,73.71428571428571,44.57142857142857,28.142857142857142,12.428571428571429,10.571428571428571,5.0,9.142857142857142
104655,2.357142857142857,71.66666666666667,44.595238095238095,34.285714285714285,15.119047619047619,11.761904761904763,2.6904761904761907,4.142857142857143,4.9787234042553195,3.3617021276595747,83.1063829787234,51.53191489361702,35.148936170212764,15.425531914893616,13.085106382978724,4.297872340425532,7.76595744680851
104660,4.4,107.8,66.4,50.0,19.0,16.2,7.2,10.4,6.636363636363637,3.090909090909091,94.63636363636364,58.27272727272727,39.54545454545455,18.0,14.090909090909092,5.0,8.636363636363637
104665,3.135135135135135,83.0,54.45945945945946,37.486486486486484,14.72972972972973,12.72972972972973,4.621621621621622,7.054054054054054,1.2765957446808511,4.0,79.65957446808511,50.234042553191486,30.93617021276596,12.72340425531915,11.914893617021276,4.829787234042553,9.361702127659575
104678,3.4285714285714284,94.71428571428571,65.28571428571429,49.57142857142857,15.0,15.428571428571429,3.7142857142857144,5.571428571428571,8.384615384615385,3.6153846153846154,90.3076923076923,57.76923076923077,40.23076923076923,14.153846153846153,13.76923076923077,5.6923076923076925,9.307692307692308
104719,1.8888888888888888,53.55555555555556,32.888888888888886,27.555555555555557,14.777777777777779,9.666666666666666,1.2222222222222223,1.4444444444444444,4.076923076923077,4.0,78.84615384615384,48.53846153846154,32.69230769230769,13.153846153846153,12.461538461538462,3.769230769230769,7.769230769230769
104731,2.694915254237288,87.59322033898304,55.898305084745765,45.67796610169491,18.016949152542374,14.610169491525424,2.694915254237288,3.694915254237288,14.65625,3.25,89.0,57.125,42.875,14.5,13.875,4.46875,7.28125
104745,2.2900763358778624,75.93129770992367,49.541984732824424,37.14503816793893,15.618320610687023,12.717557251908397,3.099236641221374,4.541984732824427,3.764705882352941,2.6470588235294117,96.70588235294117,65.17647058823529,41.529411764705884,14.705882352941176,14.176470588235293,6.882352941176471,11.058823529411764
104755,2.5671641791044775,75.32835820895522,45.08955223880597,34.1044776119403,17.0,11.985074626865671,3.08955223880597,4.582089552238806,4.12962962962963,3.0185185185185186,76.57407407407408,45.55555555555556,30.037037037037038,14.166666666666666,11.425925925925926,4.462962962962963,8.12962962962963
104792,3.5238095238095237,77.70238095238095,49.892857142857146,37.98809523809524,14.797619047619047,12.714285714285714,3.119047619047619,4.654761904761905,7.0,5.108695652173913,83.65217391304348,52.391304347826086,35.45652173913044,14.152173913043478,12.847826086956522,4.586956521739131,8.304347826086957
104797,1.6,79.33333333333333,54.8,41.13333333333333,13.266666666666667,12.533333333333333,3.2,4.4,4.68,1.88,77.0,51.88,35.92,12.0,11.92,4.28,7.2
104871,3.923076923076923,83.03846153846153,52.17307692307692,39.92307692307692,15.903846153846153,13.115384615384615,3.8461538461538463,5.519230769230769,7.372549019607843,4.470588235294118,82.33333333333333,50.96078431372549,35.1764705882353,14.03921568627451,12.509803921568627,4.313725490196078,7.803921568627451
104882,3.0,64.0,39.0,32.5,15.5,10.5,2.5,3.0,1.2,2.6,75.4,43.0,25.4,14.4,10.6,7.0,11.4
104897,1.75,98.25,64.25,46.5,15.75,13.75,6.75,8.75,4.285714285714286,2.4285714285714284,73.57142857142857,45.57142857142857,29.428571428571427,11.714285714285714,11.142857142857142,5.428571428571429,9.571428571428571
104898,2.8333333333333335,86.0,49.7,37.93333333333333,19.033333333333335,13.466666666666667,4.7,6.633333333333334,6.131578947368421,3.5,87.73684210526316,50.73684210526316,35.39473684210526,16.894736842105264,13.236842105263158,4.947368421052632,8.710526315789474
104907,5.0,63.0,39.0,29.0,12.0,11.0,2.0,4.0,4.0,2.0,46.0,30.0,19.0,3.0,7.0,3.0,7.0
104918,2.511627906976744,81.69767441860465,48.81395348837209,36.95348837209303,17.767441860465116,12.813953488372093,3.372093023255814,5.069767441860465,5.741935483870968,3.129032258064516,80.90322580645162,46.16129032258065,31.580645161290324,15.741935483870968,12.193548387096774,4.258064516129032,7.935483870967742
104919,4.08,82.24,49.84,38.48,18.28,13.28,3.4,4.88,6.27906976744186,4.651162790697675,86.09302325581395,51.41860465116279,36.58139534883721,17.58139534883721,13.418604651162791,3.8372093023255816,6.8604651162790695
104925,2.6,79.78620689655172,52.220689655172414,39.88275862068966,15.648275862068965,13.372413793103448,3.075862068965517,4.5793103448275865,5.1923076923076925,2.8846153846153846,84.61538461538461,53.96153846153846,36.23076923076923,15.115384615384615,13.26923076923077,4.384615384615385,8.076923076923077
104926,3.6097560975609757,84.91463414634147,52.26829268292683,37.048780487804876,17.48780487804878,13.146341463414634,4.060975609756097,6.402439024390244,2.78125,3.9375,77.921875,45.953125,29.5,14.453125,11.828125,4.6875,8.984375
104999,1.411764705882353,72.11764705882354,44.529411764705884,34.35294117647059,15.411764705882353,11.647058823529411,3.0588235294117645,4.352941176470588,5.212121212121212,2.909090909090909,73.78787878787878,44.09090909090909,29.78787878787879,14.090909090909092,11.545454545454545,4.515151515151516,8.030303030303031
105011,2.3333333333333335,52.0,31.666666666666668,25.0,13.333333333333334,9.0,1.0,1.3333333333333333,6.0,3.8333333333333335,88.5,52.333333333333336,35.666666666666664,18.333333333333332,13.5,3.5,6.833333333333333
105023,3.375,75.5,46.291666666666664,39.270833333333336,15.625,12.458333333333334,2.0625,2.6875,13.358490566037736,4.660377358490566,83.58490566037736,48.22641509433962,37.39622641509434,15.773584905660377,13.283018867924529,3.2830188679245285,6.226415094339623
105041,2.375,84.875,52.5,42.25,18.375,14.5,2.0,3.375,6.615384615384615,3.4615384615384617,78.92307692307692,43.84615384615385,30.76923076923077,16.307692307692307,11.76923076923077,5.0,8.23076923076923
105051,3.8,76.25,46.6,35.9,15.9,12.45,3.05,4.6,6.135135135135135,5.27027027027027,73.89189189189189,44.513513513513516,31.45945945945946,12.35135135135135,11.486486486486486,3.945945945945946,7.351351351351352
105053,0.5,54.5,39.5,29.5,8.5,9.0,3.0,4.0,2.3333333333333335,1.0,118.33333333333333,78.66666666666667,49.0,19.666666666666668,18.333333333333332,5.666666666666667,12.0
105062,1.121212121212121,84.21212121212122,54.75757575757576,38.96969696969697,16.87878787878788,13.030303030303031,4.212121212121212,5.909090909090909,2.392156862745098,1.6666666666666667,81.23529411764706,51.27450980392157,31.470588235294116,14.392156862745098,12.098039215686274,5.549019607843137,9.764705882352942
105063,1.0,65.0,45.0,31.0,12.0,9.0,6.0,6.0,2.0,1.0,94.0,61.0,36.0,15.0,14.0,11.0,17.0
105064,1.0,40.0,24.0,19.0,10.0,7.0,0.0,0.0,4.5,3.25,91.5,53.5,34.75,17.5,13.75,6.75,11.25
105065,2.7142857142857144,80.28571428571429,49.285714285714285,37.0,15.285714285714286,12.428571428571429,4.571428571428571,6.857142857142857,5.1,3.8,83.5,50.2,33.8,15.8,11.8,7.3,10.5
105074,2.5,86.25,53.5,36.5,19.5,12.25,5.0,6.5,4.6,3.2,91.4,59.6,39.1,14.4,13.7,4.7,8.9
105077,1.8666666666666667,75.28,48.053333333333335,34.92,15.28,12.0,3.533333333333333,5.133333333333334,2.567901234567901,2.617283950617284,81.44444444444444,50.45679012345679,32.18518518518518,15.037037037037036,12.123456790123457,5.049382716049383,8.938271604938272
105132,2.4,117.6,68.0,50.8,25.6,18.6,7.6,10.6,5.0,2.1666666666666665,74.5,46.833333333333336,33.833333333333336,12.833333333333334,12.0,4.0,6.5
105138,1.7058823529411764,72.32352941176471,47.30392156862745,34.76470588235294,14.372549019607844,11.911764705882353,3.1862745098039214,4.7254901960784315,3.288135593220339,2.169491525423729,86.55932203389831,56.49152542372882,37.152542372881356,14.677966101694915,13.423728813559322,4.491525423728813,8.440677966101696
105155,2.6,81.4,56.8,39.0,12.0,11.8,3.8,6.0,2.625,3.75,78.0,48.625,31.625,11.75,12.0,5.6875,10.1875
105166,4.333333333333333,93.66666666666667,51.333333333333336,41.333333333333336,25.333333333333332,14.0,3.6666666666666665,5.333333333333333,4.083333333333333,2.0833333333333335,77.75,45.333333333333336,30.166666666666668,15.0,11.75,5.083333333333333,8.583333333333334
105173,2.090909090909091,78.14285714285714,47.532467532467535,35.38961038961039,17.233766233766232,12.532467532467532,3.5974025974025974,5.415584415584416,3.9404761904761907,2.8095238095238093,78.07142857142857,46.94047619047619,31.154761904761905,14.416666666666666,11.785714285714286,4.607142857142857,8.25
105208,4.444444444444445,96.55555555555556,59.111111111111114,44.77777777777778,21.22222222222222,15.777777777777779,6.0,8.11111111111111,7.476190476190476,5.571428571428571,78.9047619047619,44.285714285714285,32.714285714285715,16.476190476190474,12.285714285714286,4.238095238095238,7.095238095238095
105216,2.25,81.08333333333333,50.833333333333336,37.916666666666664,16.5,12.916666666666666,4.0,5.75,3.909090909090909,2.9696969696969697,84.3030303030303,49.96969696969697,33.696969696969695,15.878787878787879,12.636363636363637,5.151515151515151,9.121212121212121
105223,1.75,78.55555555555556,51.75,40.611111111111114,14.5,13.194444444444445,2.4444444444444446,3.6944444444444446,11.0,2.272727272727273,90.45454545454545,58.54545454545455,42.63636363636363,14.727272727272727,14.090909090909092,4.2727272727272725,7.0
105226,4.0,90.5,53.833333333333336,37.166666666666664,20.5,13.5,6.5,8.666666666666666,2.0,4.428571428571429,78.85714285714286,44.0,27.285714285714285,14.428571428571429,11.571428571428571,7.0,12.0
105227,3.651685393258427,80.13483146067416,47.57303370786517,38.7752808988764,17.348314606741575,13.247191011235955,3.2247191011235956,4.595505617977528,9.254545454545454,4.181818181818182,89.8,50.96363636363636,37.18181818181818,18.21818181818182,13.745454545454546,5.363636363636363,8.8
105238,5.4,87.2,47.6,37.0,19.6,13.0,5.2,7.4,4.8,3.6,80.2,43.2,29.2,17.0,12.4,3.2,7.0
105311,1.8043478260869565,89.52173913043478,55.30434782608695,41.43478260869565,18.630434782608695,14.391304347826088,4.021739130434782,6.173913043478261,3.4696969696969697,2.4545454545454546,79.21212121212122,47.71212121212121,31.59090909090909,13.984848484848484,12.272727272727273,4.46969696969697,8.636363636363637
105332,6.311475409836065,85.49180327868852,45.295081967213115,36.36065573770492,19.885245901639344,13.229508196721312,4.508196721311475,6.442622950819672,7.9397590361445785,6.602409638554217,83.92771084337349,43.81927710843374,31.662650602409638,15.819277108433734,12.36144578313253,5.096385542168675,9.373493975903614
105341,3.1333333333333333,100.46666666666667,67.2,47.93333333333333,18.133333333333333,15.466666666666667,5.933333333333334,8.333333333333334,1.5483870967741935,3.032258064516129,88.35483870967742,56.96774193548387,35.0,15.129032258064516,13.161290322580646,5.774193548387097,10.225806451612904
105357,1.6721311475409837,80.9672131147541,50.540983606557376,37.14754098360656,16.950819672131146,12.78688524590164,3.819672131147541,5.622950819672131,3.6301369863013697,1.9726027397260273,79.53424657534246,48.205479452054796,30.726027397260275,15.397260273972602,11.986301369863014,5.013698630136986,8.972602739726028
105359,2.8333333333333335,81.83333333333333,50.833333333333336,37.666666666666664,16.833333333333332,12.833333333333334,4.166666666666667,5.666666666666667,3.2857142857142856,2.7142857142857144,80.42857142857143,54.07142857142857,33.57142857142857,12.642857142857142,12.071428571428571,5.142857142857143,8.785714285714286
105373,2.75,81.1,49.45,36.0,18.25,13.35,3.0,5.0,4.045454545454546,3.727272727272727,76.9090909090909,45.13636363636363,28.90909090909091,14.0,11.5,5.590909090909091,9.818181818181818
105376,3.948717948717949,80.1025641025641,44.30769230769231,34.84615384615385,19.076923076923077,12.692307692307692,3.5128205128205128,5.153846153846154,5.86,4.28,75.42,40.1,28.14,15.22,11.36,4.22,8.0
105379,2.673469387755102,81.34693877551021,46.87755102040816,37.02040816326531,18.551020408163264,13.142857142857142,3.5918367346938775,5.285714285714286,7.517857142857143,3.1785714285714284,83.03571428571429,46.482142857142854,32.910714285714285,16.285714285714285,12.732142857142858,4.625,8.267857142857142
105385,5.333333333333333,81.66666666666667,51.333333333333336,40.333333333333336,18.333333333333332,13.333333333333334,2.3333333333333335,3.3333333333333335,2.6363636363636362,4.0,68.72727272727273,41.09090909090909,24.454545454545453,12.636363636363637,10.454545454545455,5.545454545454546,10.0
105406,1.3333333333333333,59.333333333333336,37.333333333333336,28.666666666666668,14.666666666666666,10.0,2.3333333333333335,2.6666666666666665,4.0,1.5,60.0,39.5,29.0,7.5,9.0,2.5,5.5
105413,2.5,81.5,53.125,35.125,14.875,12.0,6.5,9.75,2.3529411764705883,2.411764705882353,81.58823529411765,51.05882352941177,30.294117647058822,14.470588235294118,11.823529411764707,4.9411764705882355,9.470588235294118
105430,2.5952380952380953,82.57142857142857,54.38095238095238,38.57142857142857,15.738095238095237,12.880952380952381,3.5476190476190474,5.476190476190476,2.0634920634920637,3.0,78.31746031746032,49.61904761904762,31.03174603174603,13.34920634920635,12.031746031746032,4.682539682539683,8.857142857142858
105432,2.0,75.57142857142857,46.857142857142854,34.285714285714285,16.714285714285715,12.285714285714286,2.857142857142857,5.0,4.2,3.4,71.2,42.6,27.533333333333335,12.866666666666667,11.066666666666666,3.7333333333333334,7.6
105449,3.32,81.04,47.18,37.48,18.96,12.96,3.2,4.26,6.4035087719298245,3.6140350877192984,86.3157894736842,49.68421052631579,34.64912280701754,18.035087719298247,13.017543859649123,4.982456140350878,8.280701754385966
105453,2.263888888888889,83.72222222222223,52.916666666666664,38.486111111111114,17.88888888888889,13.652777777777779,3.375,5.25,1.9736842105263157,2.1578947368421053,87.26315789473684,54.78947368421053,34.10526315789474,16.18421052631579,13.052631578947368,5.368421052631579,9.710526315789474
105477,3.5714285714285716,91.14285714285714,52.57142857142857,38.714285714285715,20.857142857142858,14.714285714285714,3.7142857142857144,5.857142857142857,4.875,3.125,80.75,48.375,31.875,13.25,12.75,5.25,9.875
105487,1.9090909090909092,79.72727272727273,48.54545454545455,35.63636363636363,17.545454545454547,12.818181818181818,4.2727272727272725,6.2727272727272725,5.222222222222222,3.5185185185185186,87.22222222222223,52.148148148148145,34.148148148148145,16.814814814814813,12.777777777777779,6.222222222222222,9.88888888888889
105526,3.4153846153846152,82.33846153846154,45.43076923076923,36.61538461538461,20.307692307692307,13.323076923076924,2.9384615384615387,4.338461538461538,8.986666666666666,3.7866666666666666,85.37333333333333,47.52,34.56,17.386666666666667,13.093333333333334,4.426666666666667,7.826666666666667
105539,2.142857142857143,83.28571428571429,50.714285714285715,37.142857142857146,17.928571428571427,12.357142857142858,5.5,7.071428571428571,3.6206896551724137,1.9655172413793103,75.93103448275862,45.724137931034484,29.655172413793103,13.89655172413793,11.344827586206897,4.793103448275862,8.310344827586206
105550,1.9555555555555555,87.5111111111111,58.355555555555554,41.22222222222222,16.133333333333333,13.755555555555556,4.444444444444445,6.733333333333333,4.454545454545454,2.5454545454545454,80.23636363636363,51.56363636363636,33.127272727272725,13.436363636363636,12.381818181818181,5.036363636363636,9.090909090909092
105554,2.489795918367347,81.6938775510204,50.224489795918366,37.326530612244895,17.510204081632654,12.775510204081632,4.63265306122449,6.36734693877551,3.0625,2.7083333333333335,80.08333333333333,48.479166666666664,32.25,14.875,12.5,4.541666666666667,8.479166666666666
105575,2.6129032258064515,89.87096774193549,53.67741935483871,40.96774193548387,19.93548387096774,14.096774193548388,3.967741935483871,5.645161290322581,2.760869565217391,3.282608695652174,77.8913043478261,46.369565217391305,29.82608695652174,14.673913043478262,11.956521739130435,4.413043478260869,8.608695652173912
105577,3.3181818181818183,82.18181818181819,49.90909090909091,40.18181818181818,16.90909090909091,13.272727272727273,3.4545454545454546,4.681818181818182,8.84375,3.5,84.46875,50.25,36.40625,15.34375,12.78125,4.84375,7.90625
105583,1.6666666666666667,82.0,55.6,40.1,14.916666666666666,13.116666666666667,3.5166666666666666,5.266666666666667,3.04,1.8933333333333333,81.45333333333333,55.04,34.72,12.96,12.28,4.973333333333334,8.76
105589,3.0,56.666666666666664,33.0,28.0,13.0,10.0,2.0,2.6666666666666665,4.75,3.5,73.25,43.0,27.25,12.75,12.25,4.75,9.75
105613,2.8125,88.1875,54.8125,40.4375,16.25,13.6875,4.75,7.375,5.666666666666667,3.9523809523809526,90.23809523809524,54.333333333333336,36.904761904761905,17.333333333333332,13.333333333333334,4.9523809523809526,8.523809523809524
105614,4.0,79.28571428571429,50.142857142857146,40.57142857142857,16.285714285714285,13.428571428571429,2.2857142857142856,3.4285714285714284,7.888888888888889,4.777777777777778,81.0,47.27777777777778,32.77777777777778,17.166666666666668,12.055555555555555,4.0,6.666666666666667
105643,3.522727272727273,78.0909090909091,49.77272727272727,35.15909090909091,14.931818181818182,12.090909090909092,3.8863636363636362,6.045454545454546,3.076923076923077,3.9358974358974357,82.94871794871794,51.65384615384615,33.53846153846154,14.217948717948717,12.487179487179487,4.987179487179487,9.038461538461538
105649,3.2,81.2,51.2,38.1,14.9,12.8,3.4,5.7,4.083333333333333,2.9166666666666665,78.0,49.75,32.0,12.583333333333334,12.333333333333334,4.666666666666667,9.083333333333334
105657,2.388888888888889,76.05555555555556,45.27777777777778,36.55555555555556,17.944444444444443,12.38888888888889,2.9444444444444446,4.0,13.321428571428571,3.7142857142857144,95.78571428571429,54.892857142857146,40.92857142857143,20.892857142857142,15.107142857142858,4.964285714285714,8.071428571428571
105671,4.0,82.0,44.0,31.5,17.5,13.0,3.5,6.5,2.3333333333333335,4.166666666666667,77.83333333333333,43.166666666666664,29.666666666666668,15.5,11.5,3.8333333333333335,7.5
105676,3.0256410256410255,77.84615384615384,46.1025641025641,34.64102564102564,17.17948717948718,12.58974358974359,3.3333333333333335,5.282051282051282,4.508474576271187,3.3220338983050848,77.71186440677967,45.08474576271186,29.694915254237287,14.288135593220339,11.491525423728813,4.627118644067797,8.525423728813559
105683,3.6379310344827585,70.41379310344827,44.10344827586207,37.93103448275862,16.25862068965517,12.620689655172415,1.4137931034482758,1.8620689655172413,17.8125,4.4375,89.46875,56.375,44.375,16.125,14.90625,3.8125,6.1875
105731,0.0,39.0,26.0,17.0,9.0,7.0,3.0,5.0,2.0,2.0,96.0,64.0,38.0,23.0,14.0,6.0,8.0
105732,3.0784313725490198,81.17647058823529,50.450980392156865,38.88235294117647,16.764705882352942,12.784313725490197,3.588235294117647,4.823529411764706,7.218181818181818,4.745454545454545,90.85454545454546,52.45454545454545,36.345454545454544,18.145454545454545,13.636363636363637,5.527272727272727,9.181818181818182
105777,3.8309859154929575,79.4225352112676,49.70422535211268,38.33802816901409,15.732394366197184,12.873239436619718,3.3380281690140845,4.901408450704225,5.403225806451613,4.451612903225806,86.08064516129032,53.88709677419355,36.983870967741936,15.112903225806452,13.225806451612904,4.758064516129032,8.35483870967742
105806,0.9090909090909091,76.9090909090909,47.09090909090909,36.0,17.454545454545453,12.636363636363637,3.0,4.363636363636363,4.125,2.625,78.5,44.625,28.9375,16.0,11.9375,3.9375,7.9375
105807,1.5578947368421052,76.97894736842105,52.36842105263158,38.21052631578947,14.189473684210526,12.389473684210527,3.9157894736842107,5.347368421052631,3.4461538461538463,1.9846153846153847,83.15384615384616,56.03076923076923,36.84615384615385,12.876923076923077,12.96923076923077,5.092307692307692,8.753846153846155
105815,2.6176470588235294,90.73529411764706,55.73529411764706,42.85294117647059,19.558823529411764,14.735294117647058,3.5,5.147058823529412,7.7592592592592595,3.2222222222222223,83.85185185185185,50.388888888888886,35.129629629629626,15.351851851851851,12.555555555555555,5.111111111111111,8.537037037037036
105819,5.333333333333333,87.55555555555556,53.22222222222222,39.22222222222222,17.666666666666668,12.666666666666666,5.0,6.888888888888889,3.4285714285714284,4.642857142857143,79.5,47.0,31.214285714285715,13.5,12.0,5.857142857142857,10.214285714285714
105841,7.0,244.0,158.0,99.0,39.0,36.0,12.0,25.0,5.0,6.0,75.0,37.0,23.0,17.0,11.0,6.0,10.5
105870,1.4375,68.6875,43.5,32.75,13.9375,11.0,4.0625,5.25,4.045454545454546,2.4545454545454546,78.86363636363636,49.5,33.81818181818182,13.227272727272727,12.181818181818182,3.590909090909091,7.181818181818182
105877,1.5,53.5,29.5,22.5,13.0,8.0,3.0,3.5,2.142857142857143,2.7142857142857144,87.42857142857143,54.0,34.142857142857146,14.714285714285714,13.714285714285714,4.714285714285714,10.142857142857142
105882,2.9444444444444446,79.66666666666667,43.888888888888886,33.333333333333336,18.22222222222222,12.166666666666666,3.2777777777777777,5.444444444444445,6.378378378378378,3.7567567567567566,89.8108108108108,51.13513513513514,35.054054054054056,17.54054054054054,13.567567567567568,4.675675675675675,8.81081081081081
105902,2.0,78.3913043478261,44.69565217391305,34.91304347826087,19.391304347826086,12.304347826086957,4.0,5.130434782608695,7.225806451612903,3.2903225806451615,93.7741935483871,51.483870967741936,35.935483870967744,20.193548387096776,14.161290322580646,5.451612903225806,9.290322580645162
105905,4.5,71.0,45.5,31.5,12.0,9.0,7.5,9.5,2.5,1.5,67.5,38.0,22.5,10.5,8.5,9.5,14.0
105906,2.0,53.0,34.0,32.0,9.0,10.0,0.0,0.0,9.0,4.0,82.0,53.0,38.0,14.0,11.0,7.0,8.0
105916,3.121212121212121,82.81818181818181,48.95454545454545,36.333333333333336,18.424242424242426,13.045454545454545,3.878787878787879,5.803030303030303,4.029411764705882,4.117647058823529,87.44117647058823,49.029411764705884,32.19117647058823,17.970588235294116,12.838235294117647,5.8088235294117645,10.073529411764707
105932,4.109589041095891,82.71232876712328,47.821917808219176,34.42465753424658,18.575342465753426,12.767123287671232,3.7945205479452055,6.123287671232877,3.721518987341772,4.860759493670886,78.44303797468355,44.18987341772152,28.27848101265823,15.734177215189874,11.810126582278482,4.8354430379746836,9.025316455696203
105933,1.3333333333333333,57.0,34.666666666666664,26.0,13.333333333333334,9.666666666666666,0.3333333333333333,1.6666666666666667,3.0,1.6666666666666667,71.66666666666667,48.666666666666664,32.333333333333336,12.333333333333334,11.333333333333334,4.666666666666667,7.0
105936,1.4507042253521127,77.50704225352112,49.87323943661972,36.46478873239437,15.169014084507042,12.28169014084507,3.943661971830986,5.676056338028169,3.8771929824561404,2.1228070175438596,83.33333333333333,54.12280701754386,35.08771929824562,13.719298245614034,12.649122807017545,5.157894736842105,9.12280701754386
105943,1.0,60.0,36.0,27.0,17.0,11.0,0.0,2.0,6.0,4.5,86.5,46.5,31.625,18.5,13.0,5.75,9.75
105948,2.2857142857142856,82.39285714285714,56.392857142857146,38.214285714285715,14.142857142857142,12.892857142857142,4.964285714285714,7.714285714285714,1.8888888888888888,2.388888888888889,70.66666666666667,46.138888888888886,26.333333333333332,11.055555555555555,10.555555555555555,5.027777777777778,9.694444444444445
105952,6.666666666666667,109.0,64.0,43.666666666666664,21.333333333333332,16.333333333333332,5.333333333333333,9.666666666666666,0.6666666666666666,4.0,63.333333333333336,39.666666666666664,22.333333333333332,9.666666666666666,9.666666666666666,4.0,8.333333333333334
105967,2.7142857142857144,85.78571428571429,52.0,38.57142857142857,19.0,13.928571428571429,4.0,6.142857142857143,4.454545454545454,2.8636363636363638,80.81818181818181,44.63636363636363,29.90909090909091,15.954545454545455,11.863636363636363,5.2727272727272725,9.227272727272727
105992,2.2222222222222223,78.27777777777777,48.77777777777778,37.5,16.5,12.444444444444445,3.2222222222222223,4.444444444444445,7.818181818181818,4.454545454545454,82.5909090909091,48.22727272727273,35.31818181818182,16.681818181818183,13.0,4.2272727272727275,7.2272727272727275
106000,2.6,80.3,52.733333333333334,37.1,15.4,12.9,3.6,6.0,2.1041666666666665,3.0625,73.4375,45.291666666666664,27.75,12.020833333333334,10.895833333333334,5.25,9.75
106005,2.0,61.0,44.0,34.0,9.0,11.0,0.0,1.0,4.75,2.0,74.5,42.75,27.75,14.5,11.75,5.0,9.5
106026,2.0,58.5,39.0,25.0,11.0,9.5,2.5,5.0,1.375,4.5,83.75,53.0,32.125,13.125,12.25,4.5,9.5
106034,3.1666666666666665,76.0,45.5,34.666666666666664,16.666666666666668,12.333333333333334,2.8333333333333335,4.166666666666667,6.333333333333333,2.8666666666666667,88.66666666666667,53.46666666666667,36.733333333333334,15.866666666666667,13.6,5.933333333333334,9.933333333333334
106043,3.0388349514563107,79.80582524271844,51.15533980582524,35.320388349514566,15.0,12.320388349514563,4.466019417475728,6.980582524271845,1.5526315789473684,3.210526315789474,79.1842105263158,50.53947368421053,30.82894736842105,13.223684210526315,12.131578947368421,4.828947368421052,9.394736842105264
106044,2.6666666666666665,76.83333333333333,47.833333333333336,32.5,15.833333333333334,11.833333333333334,5.166666666666667,7.5,2.111111111111111,2.3333333333333335,77.11111111111111,51.111111111111114,33.77777777777778,10.88888888888889,11.777777777777779,4.222222222222222,8.0
106045,4.107142857142857,90.32142857142857,52.67857142857143,40.07142857142857,20.928571428571427,14.392857142857142,4.035714285714286,5.785714285714286,6.404761904761905,3.6904761904761907,86.19047619047619,49.88095238095238,34.214285714285715,17.357142857142858,13.261904761904763,4.285714285714286,8.119047619047619
106058,3.235294117647059,84.6470588235294,51.76470588235294,40.35294117647059,17.764705882352942,14.117647058823529,3.0,4.588235294117647,7.0588235294117645,4.647058823529412,98.5,61.5,42.73529411764706,17.676470588235293,15.176470588235293,5.264705882352941,9.029411764705882
106065,1.5454545454545454,77.9090909090909,54.63636363636363,38.77272727272727,12.727272727272727,12.0,3.6363636363636362,5.4772727272727275,4.953125,3.125,82.75,53.65625,35.203125,13.453125,12.625,4.3125,8.109375
106071,1.9090909090909092,79.0909090909091,52.72727272727273,40.27272727272727,12.363636363636363,11.818181818181818,4.636363636363637,6.090909090909091,8.0,1.625,78.8125,51.125,34.625,12.6875,12.0,4.25,7.625
106072,3.0,79.0,49.0,33.0,13.0,10.0,5.0,8.0,1.5,5.75,99.0,60.75,35.0,16.0,14.25,5.25,11.75
106075,2.923076923076923,78.53846153846153,47.23076923076923,34.84615384615385,15.923076923076923,12.23076923076923,6.076923076923077,8.0,3.125,2.3125,76.9375,46.625,29.25,13.25,11.6875,4.875,9.3125
106078,3.2857142857142856,87.68571428571428,57.285714285714285,42.97142857142857,16.34285714285714,13.771428571428572,4.057142857142857,5.828571428571428,5.756756756756757,4.108108108108108,83.05405405405405,52.648648648648646,35.513513513513516,12.972972972972974,12.297297297297296,4.918918918918919,8.72972972972973
106099,2.9166666666666665,87.83333333333333,52.833333333333336,37.166666666666664,19.583333333333332,13.0,5.5,7.416666666666667,3.5517241379310347,2.793103448275862,80.0,47.41379310344828,30.275862068965516,15.517241379310345,12.10344827586207,4.517241379310345,8.655172413793103
106105,6.0,86.0,53.0,41.0,13.0,14.0,4.0,7.0,4.0,2.0,60.0,43.0,27.0,10.0,9.0,2.0,4.0
106109,2.2222222222222223,97.66666666666667,59.0,44.55555555555556,22.0,16.88888888888889,3.111111111111111,5.777777777777778,6.705882352941177,2.9411764705882355,85.11764705882354,51.35294117647059,34.411764705882355,15.470588235294118,13.176470588235293,5.529411764705882,9.705882352941176
106110,2.0,96.0,66.0,39.0,17.0,14.0,4.0,8.0,3.4,2.0,75.8,46.4,29.0,13.0,11.2,3.4,7.4
106120,0.0,75.66666666666667,50.666666666666664,34.0,13.666666666666666,10.666666666666666,5.0,6.666666666666667,0.5,1.5,62.5,43.5,23.0,9.5,9.0,3.0,7.0
106121,2.4285714285714284,76.85714285714286,48.114285714285714,34.8,15.771428571428572,11.971428571428572,3.3714285714285714,5.0285714285714285,4.22,2.76,81.4,50.1,32.34,13.88,12.12,5.4,9.72
106137,1.0,66.0,50.0,38.0,6.0,9.0,4.0,5.0,1.5,2.5,75.5,45.0,26.0,15.0,10.5,6.5,10.5
106148,2.775,73.0,47.05,33.975,14.475,11.775,3.525,5.35,2.4107142857142856,3.142857142857143,78.67857142857143,48.375,30.875,14.0,11.785714285714286,4.928571428571429,8.982142857142858
106186,4.0,91.42857142857143,58.0,43.42857142857143,18.714285714285715,15.0,3.0,4.571428571428571,6.0,6.8,102.0,63.2,40.8,15.4,14.8,8.2,13.6
106198,1.5833333333333333,67.33333333333333,51.583333333333336,35.166666666666664,8.916666666666666,10.75,2.8333333333333335,4.583333333333333,1.8461538461538463,2.1923076923076925,86.07692307692308,63.26923076923077,37.88461538461539,9.538461538461538,12.615384615384615,6.6923076923076925,11.692307692307692
106210,3.2432432432432434,80.0,52.972972972972975,41.810810810810814,14.756756756756756,13.162162162162161,3.4864864864864864,4.756756756756757,9.170731707317072,5.0,84.73170731707317,54.90243902439025,39.073170731707314,13.048780487804878,13.195121951219512,4.463414634146342,7.634146341463414
106214,3.75,74.35,44.05,35.8,16.6,11.95,3.4,4.45,6.75,4.55,85.2,48.45,33.85,16.55,13.0,5.1,8.9
106216,2.6,84.0,48.8,39.0,20.6,13.4,2.8,3.8,4.833333333333333,4.5,83.0,45.416666666666664,31.0,16.833333333333332,12.5,5.75,9.833333333333334
106218,2.0625,85.75,52.09375,39.3125,18.46875,13.15625,4.125,5.59375,4.151515151515151,1.696969696969697,78.87878787878788,47.42424242424242,31.303030303030305,14.06060606060606,11.787878787878787,4.909090909090909,8.727272727272727
106220,3.5,80.0,54.5,40.5,13.5,11.5,8.5,9.5,3.5,5.0,69.0,37.5,23.0,11.0,9.5,7.5,12.5
106228,2.6296296296296298,80.14814814814815,48.96296296296296,36.25925925925926,18.0,12.851851851851851,3.5555555555555554,5.2592592592592595,3.210526315789474,3.289473684210526,85.44736842105263,52.78947368421053,33.1578947368421,15.973684210526315,13.026315789473685,5.552631578947368,9.947368421052632
106233,2.9680851063829787,84.2872340425532,53.03191489361702,40.52127659574468,17.180851063829788,13.627659574468085,3.5425531914893615,5.191489361702128,5.666666666666667,2.8974358974358974,85.84615384615384,53.12820512820513,36.743589743589745,15.76923076923077,13.0,4.948717948717949,8.282051282051283
106234,3.7714285714285714,77.42857142857143,46.42857142857143,35.08571428571429,17.114285714285714,12.514285714285714,3.9714285714285715,5.628571428571429,4.125,4.4375,81.9375,47.4375,31.9375,16.21875,12.34375,4.375,8.125
106249,0.0,35.0,28.0,20.0,3.0,6.0,4.0,5.0,1.4,0.6,71.2,49.6,29.2,9.2,10.2,6.8,10.4
106281,3.1666666666666665,100.5,70.16666666666667,50.0,15.5,15.166666666666666,5.333333333333333,7.333333333333333,3.0,1.5833333333333333,86.0,53.916666666666664,33.75,15.0,13.25,4.916666666666667,9.583333333333334
106283,3.0,88.5,57.0,41.0,16.25,14.0,3.5,6.25,3.375,2.25,71.25,44.5,28.375,12.625,10.875,5.0,8.5
106296,4.3,101.7,63.0,47.1,20.8,15.7,4.7,7.3,4.25,2.75,91.75,56.8125,37.3125,15.5,13.625,5.9375,10.5
106298,3.871794871794872,90.7948717948718,54.15384615384615,42.82051282051282,19.871794871794872,14.35897435897436,3.4615384615384617,4.769230769230769,5.918367346938775,4.346938775510204,91.22448979591837,50.142857142857146,34.6530612244898,19.551020408163264,13.346938775510203,5.612244897959184,9.306122448979592
106302,2.0,95.0,67.0,48.0,14.0,17.0,1.0,5.0,4.0,4.0,83.0,59.0,39.0,7.0,12.0,4.0,9.0
106328,3.5,77.75,50.5,37.75,14.75,13.0,3.25,5.0,3.5,2.5,45.75,28.75,17.75,8.0,7.25,3.5,6.0
106329,1.4848484848484849,69.42424242424242,46.57575757575758,36.0,13.151515151515152,11.515151515151516,3.0606060606060606,4.03030303030303,5.975609756097561,2.097560975609756,84.92682926829268,55.21951219512195,38.19512195121951,15.121951219512194,13.268292682926829,4.853658536585366,8.121951219512194
106331,3.0,97.0,63.0,51.0,18.333333333333332,16.0,4.333333333333333,5.666666666666667,8.153846153846153,1.2307692307692308,113.07692307692308,73.15384615384616,51.07692307692308,19.923076923076923,17.307692307692307,6.384615384615385,10.23076923076923
106353,5.0,69.0,35.0,29.0,18.0,12.0,5.0,7.0,1.5,4.0,60.5,31.0,18.0,8.5,8.0,5.5,11.0
106361,3.0,122.0,88.0,66.0,23.0,20.0,3.0,3.0,2.0,0.0,70.0,42.0,25.0,7.0,11.0,7.0,13.0
106368,4.285714285714286,76.0,45.857142857142854,36.142857142857146,16.714285714285715,12.285714285714286,3.7142857142857144,4.857142857142857,8.8,4.1,74.7,45.3,32.5,12.8,11.7,3.1,6.3
106378,2.1333333333333333,73.02222222222223,44.84444444444444,35.4,15.911111111111111,12.2,2.688888888888889,3.8,5.166666666666667,2.6666666666666665,84.47619047619048,50.88095238095238,34.38095238095238,15.904761904761905,12.904761904761905,4.595238095238095,8.261904761904763
106398,0.5,43.0,25.0,17.5,9.0,6.5,2.0,3.0,5.666666666666667,3.6666666666666665,64.0,38.666666666666664,25.333333333333332,10.0,10.0,3.0,6.666666666666667
106401,3.824561403508772,88.63157894736842,58.98245614035088,47.92982456140351,16.36842105263158,14.842105263157896,3.087719298245614,4.017543859649122,14.935483870967742,3.096774193548387,82.6774193548387,55.41935483870968,40.903225806451616,13.419354838709678,13.451612903225806,3.193548387096774,5.580645161290323
106408,4.0,65.0,38.5,28.5,14.5,9.5,5.5,6.5,8.0,4.6,93.4,52.6,38.6,20.8,14.6,4.4,7.2
106415,1.4102564102564104,88.6923076923077,61.07692307692308,41.35897435897436,16.28205128205128,13.923076923076923,4.846153846153846,7.17948717948718,1.5909090909090908,1.6590909090909092,78.61363636363636,51.18181818181818,29.59090909090909,13.522727272727273,11.909090909090908,4.681818181818182,9.386363636363637
106421,3.423841059602649,73.16556291390728,44.05298013245033,35.258278145695364,16.13907284768212,12.311258278145695,2.7086092715231787,3.880794701986755,7.018867924528302,4.056603773584905,87.90566037735849,51.660377358490564,35.24528301886792,16.58490566037736,13.339622641509434,4.981132075471698,8.924528301886792
106423,2.75,84.15,53.0,42.85,16.15,13.55,3.2,4.55,8.357142857142858,3.142857142857143,81.85714285714286,52.142857142857146,38.714285714285715,13.714285714285714,12.5,3.5714285714285716,5.928571428571429
106426,2.5692307692307694,85.38461538461539,53.215384615384615,38.89230769230769,17.73846153846154,13.523076923076923,4.6,6.584615384615384,3.183673469387755,3.7142857142857144,79.36734693877551,47.673469387755105,30.959183673469386,13.857142857142858,11.89795918367347,5.387755102040816,9.693877551020408
106432,1.9836065573770492,76.08196721311475,47.59016393442623,36.52459016393443,16.295081967213115,12.524590163934427,3.262295081967213,4.639344262295082,5.833333333333333,2.357142857142857,82.88095238095238,53.023809523809526,36.666666666666664,14.119047619047619,13.166666666666666,4.0476190476190474,7.523809523809524
109054,3.0,66.0,49.0,29.0,11.0,10.0,4.0,6.0,4.5,2.5,75.0,54.5,34.5,6.5,9.5,6.5,10.0
109739,1.8095238095238095,78.33333333333333,47.04761904761905,36.095238095238095,18.571428571428573,13.0,3.4285714285714284,4.666666666666667,6.766666666666667,2.4,81.76666666666667,51.43333333333333,34.833333333333336,15.166666666666666,12.5,4.7,7.833333333333333
110602,2.5,81.0,52.583333333333336,38.75,16.416666666666668,13.166666666666666,3.5,5.5,4.035714285714286,2.5,85.78571428571429,55.142857142857146,35.42857142857143,13.785714285714286,13.357142857142858,4.5,8.928571428571429
110748,3.25,74.25,43.5,30.75,17.5,12.25,3.0,5.25,2.8333333333333335,3.0,68.16666666666667,42.0,28.333333333333332,10.166666666666666,11.333333333333334,3.0,7.166666666666667
111153,2.0,72.4,49.8,39.4,13.2,12.0,1.8,2.8,11.2,4.3,87.6,57.1,41.9,14.5,14.2,4.8,7.6
111190,0.0,62.0,39.0,27.0,15.0,10.0,5.0,6.0,8.6,1.4,98.8,63.6,45.4,17.0,15.2,4.6,7.8
111200,2.9,71.4,40.9,30.4,17.4,11.8,3.3,5.3,3.6363636363636362,4.090909090909091,80.68181818181819,47.18181818181818,31.181818181818183,15.318181818181818,12.363636363636363,5.2272727272727275,9.454545454545455
111202,2.925925925925926,75.4074074074074,47.407407407407405,35.2962962962963,15.11111111111111,12.148148148148149,3.5185185185185186,5.2592592592592595,3.0555555555555554,2.5,71.5,44.888888888888886,28.27777777777778,12.222222222222221,11.38888888888889,3.7222222222222223,7.944444444444445
111442,1.8085106382978724,84.82978723404256,53.38297872340426,40.148936170212764,16.914893617021278,13.595744680851064,4.276595744680851,6.191489361702128,5.909090909090909,2.2545454545454544,78.63636363636364,49.81818181818182,33.56363636363636,12.581818181818182,12.127272727272727,4.654545454545454,8.436363636363636
111456,2.3658536585365852,87.34146341463415,55.65853658536585,40.80487804878049,17.317073170731707,13.585365853658537,4.317073170731708,6.121951219512195,4.549019607843137,3.019607843137255,86.45098039215686,55.11764705882353,35.76470588235294,14.627450980392156,12.980392156862745,5.176470588235294,9.215686274509803
111460,3.0,66.5,40.25,33.5,16.0,11.5,2.0,2.25,14.909090909090908,9.090909090909092,111.36363636363636,65.63636363636364,50.45454545454545,18.09090909090909,17.363636363636363,5.909090909090909,10.090909090909092
111505,4.0,112.0,59.0,45.0,27.0,16.0,8.0,10.0,9.5,3.75,108.5,64.25,47.75,23.5,17.5,3.25,6.25
111511,1.0,69.0,47.5,32.5,12.0,9.5,7.5,9.0,3.875,3.125,83.375,51.125,31.25,14.875,12.375,5.25,10.125
111513,2.983050847457627,75.62711864406779,45.54237288135593,34.101694915254235,16.491525423728813,12.186440677966102,3.4915254237288136,5.203389830508475,5.438356164383562,3.712328767123288,82.27397260273973,48.63013698630137,32.71232876712329,15.534246575342467,12.356164383561644,4.684931506849315,8.493150684931507
111575,2.532710280373832,82.97196261682242,52.77570093457944,40.654205607476634,16.401869158878505,13.457943925233645,3.7289719626168223,5.327102803738318,7.569444444444445,2.8194444444444446,88.36111111111111,55.55555555555556,38.59722222222222,15.930555555555555,13.625,4.819444444444445,8.11111111111111
111576,3.3333333333333335,64.66666666666667,49.333333333333336,32.666666666666664,9.333333333333334,10.666666666666666,1.6666666666666667,3.6666666666666665,1.2222222222222223,3.0,79.66666666666667,56.666666666666664,32.77777777777778,9.555555555555555,11.777777777777779,5.555555555555555,10.444444444444445
111577,4.416666666666667,73.83333333333333,38.0,30.333333333333332,20.916666666666668,12.083333333333334,2.5,3.5833333333333335,4.75,5.25,84.625,43.625,29.9375,18.9375,12.4375,5.25,9.1875
111578,4.5,98.25,74.0,49.25,14.0,14.25,7.5,9.75,0.8333333333333334,5.333333333333333,77.16666666666667,53.666666666666664,31.0,8.666666666666666,11.5,5.5,11.333333333333334
111581,2.5,91.625,63.625,46.625,14.125,14.625,3.75,6.0,3.4,5.2,87.3,57.3,37.0,13.1,13.7,5.0,9.7
111790,3.3333333333333335,112.33333333333333,83.66666666666667,66.0,11.666666666666666,16.666666666666668,5.333333333333333,6.666666666666667,5.4,3.8,87.2,55.7,37.1,14.7,12.6,6.1,9.8
111794,2.1538461538461537,84.07692307692308,51.30769230769231,39.15384615384615,18.923076923076923,13.692307692307692,4.230769230769231,5.538461538461538,4.842105263157895,3.0526315789473686,81.94736842105263,48.68421052631579,31.31578947368421,15.789473684210526,12.421052631578947,4.7368421052631575,8.842105263157896
111797,2.757575757575758,85.03030303030303,54.03030303030303,41.515151515151516,17.181818181818183,13.606060606060606,3.5757575757575757,5.212121212121212,10.236842105263158,3.4473684210526314,91.52631578947368,58.39473684210526,41.44736842105263,16.55263157894737,14.026315789473685,4.526315789473684,7.526315789473684
111815,2.6179775280898876,76.04494382022472,50.46067415730337,36.651685393258425,13.730337078651685,12.168539325842696,3.539325842696629,5.269662921348314,4.515151515151516,3.5606060606060606,83.98484848484848,53.90909090909091,35.621212121212125,13.893939393939394,13.090909090909092,5.0606060606060606,9.015151515151516
117353,2.0,66.0,40.0,28.0,17.0,10.0,2.0,3.0,1.0,14.0,90.0,45.0,25.0,19.0,12.0,5.0,12.0
117360,2.0,96.0,68.0,50.333333333333336,14.0,15.0,5.333333333333333,7.0,3.2222222222222223,3.5555555555555554,88.66666666666667,57.77777777777778,37.111111111111114,14.777777777777779,14.222222222222221,5.0,9.666666666666666
120424,0.6666666666666666,91.83333333333333,59.333333333333336,39.166666666666664,18.833333333333332,13.5,4.166666666666667,6.833333333333333,2.6363636363636362,1.4545454545454546,82.72727272727273,52.81818181818182,32.45454545454545,15.545454545454545,12.181818181818182,5.0,8.818181818181818
121531,3.0,128.0,75.0,46.0,21.0,17.0,7.0,15.0,8.5,2.5,68.5,35.5,25.5,16.0,10.5,3.5,6.0
122298,3.5806451612903225,82.74193548387096,52.774193548387096,40.54838709677419,15.774193548387096,13.32258064516129,3.6774193548387095,5.419354838709677,4.7727272727272725,3.8181818181818183,83.72727272727273,53.0,35.04545454545455,14.545454545454545,12.772727272727273,6.045454545454546,9.818181818181818
122330,7.172413793103448,84.86206896551724,49.206896551724135,39.724137931034484,17.155172413793103,13.362068965517242,3.7241379310344827,5.293103448275862,10.84,6.66,75.24,43.24,31.78,13.24,11.64,4.14,7.46
122669,1.6,73.0,38.4,28.6,18.8,11.2,3.4,5.0,2.7142857142857144,1.8571428571428572,66.71428571428571,36.57142857142857,24.0,14.428571428571429,9.857142857142858,4.142857142857143,7.428571428571429
123755,0.75,74.5625,46.375,33.5625,16.25,11.8125,3.3125,4.875,3.8,1.3333333333333333,82.8,52.06666666666667,34.46666666666667,14.2,12.6,5.2,9.066666666666666
123795,3.0,77.0,48.666666666666664,36.666666666666664,14.333333333333334,11.666666666666666,5.0,6.333333333333333,6.0,8.0,74.0,35.5,27.5,16.0,11.5,5.0,8.5
123921,6.0,114.0,72.0,49.0,22.0,16.0,3.0,5.0,4.8,6.2,57.0,34.2,21.6,7.4,8.8,3.0,7.2
124014,1.5,61.666666666666664,40.5,30.833333333333332,12.5,10.5,1.6666666666666667,2.6666666666666665,6.875,2.875,74.75,45.0,32.75,15.375,12.25,2.75,5.625
124079,3.272727272727273,83.57575757575758,55.84848484848485,38.15151515151515,15.151515151515152,12.636363636363637,5.090909090909091,7.2727272727272725,2.048780487804878,3.6097560975609757,81.1951219512195,52.146341463414636,32.707317073170735,13.0,11.829268292682928,4.902439024390244,8.951219512195122
124116,3.4,79.0,41.0,32.8,20.2,12.6,4.0,6.0,7.6,3.6,83.2,48.6,34.6,15.4,12.8,5.0,8.4
124186,3.0,91.0,63.0,44.0,13.0,17.0,0.0,4.0,4.666666666666667,3.6666666666666665,78.0,46.0,23.666666666666668,15.0,12.666666666666666,6.666666666666667,13.333333333333334
124187,2.4516129032258065,79.53225806451613,52.12903225806452,43.38709677419355,15.951612903225806,13.35483870967742,2.193548387096774,2.806451612903226,17.5531914893617,3.0425531914893615,89.55319148936171,57.212765957446805,42.680851063829785,15.97872340425532,13.808510638297872,4.1063829787234045,6.404255319148936
125802,2.4651162790697674,74.79069767441861,47.116279069767444,36.093023255813954,15.744186046511627,11.930232558139535,3.116279069767442,4.3023255813953485,4.975609756097561,3.7804878048780486,85.09756097560975,51.073170731707314,35.09756097560975,14.975609756097562,12.853658536585366,5.365853658536586,9.365853658536585
126094,2.2131147540983607,73.04098360655738,44.16393442622951,34.34426229508197,15.688524590163935,12.0,3.237704918032787,4.663934426229508,6.338461538461538,3.4923076923076923,80.8923076923077,47.50769230769231,33.63076923076923,15.169230769230769,12.538461538461538,4.676923076923077,8.138461538461538
126106,3.6666666666666665,96.66666666666667,62.333333333333336,43.666666666666664,16.333333333333332,13.666666666666666,6.0,8.0,2.0,1.0,57.0,37.0,22.0,5.0,9.0,6.0,11.0
126120,3.0,55.0,36.0,30.0,9.0,9.0,0.0,0.0,6.0,2.3333333333333335,89.66666666666667,55.0,39.0,14.666666666666666,11.666666666666666,6.666666666666667,9.333333333333334
126127,1.5294117647058822,68.29411764705883,42.411764705882355,33.411764705882355,14.470588235294118,11.294117647058824,3.5294117647058822,4.411764705882353,5.842105263157895,2.3157894736842106,89.3157894736842,52.578947368421055,35.68421052631579,17.63157894736842,13.631578947368421,4.894736842105263,8.631578947368421
126128,2.25,91.5,55.75,43.75,19.75,14.5,3.75,5.25,6.666666666666667,2.8333333333333335,103.33333333333333,67.66666666666667,46.333333333333336,17.666666666666668,15.0,3.8333333333333335,7.166666666666667
126149,2.6666666666666665,73.0,45.53333333333333,33.0,15.333333333333334,11.533333333333333,3.8666666666666667,5.6,6.76,3.0,81.96,48.68,34.32,16.24,12.68,4.8,7.96
126156,4.8,103.4,68.0,50.0,19.2,16.8,4.2,6.6,3.272727272727273,4.909090909090909,93.0909090909091,64.54545454545455,38.09090909090909,12.636363636363637,13.363636363636363,5.2727272727272725,10.454545454545455
126203,2.765957446808511,83.77659574468085,50.4468085106383,39.53191489361702,18.106382978723403,13.361702127659575,3.723404255319149,5.212765957446808,8.971428571428572,2.8285714285714287,88.78571428571429,52.128571428571426,37.4,16.87142857142857,13.7,4.371428571428571,8.042857142857143
126205,2.1372549019607843,77.03921568627452,47.76470588235294,35.68627450980392,16.176470588235293,12.294117647058824,3.627450980392157,5.254901960784314,4.0227272727272725,2.522727272727273,83.79545454545455,50.54545454545455,33.04545454545455,16.204545454545453,12.590909090909092,4.613636363636363,8.318181818181818
126207,2.2162162162162162,84.62162162162163,53.12162162162162,39.689189189189186,17.364864864864863,13.324324324324325,3.9324324324324325,5.662162162162162,5.9125,2.6375,90.7,55.85,37.8125,16.725,13.7125,5.075,8.8625
126214,2.1538461538461537,71.84615384615384,47.23076923076923,34.0,12.307692307692308,11.076923076923077,4.384615384615385,6.3076923076923075,4.6,3.6666666666666665,73.0,45.86666666666667,29.466666666666665,11.466666666666667,11.333333333333334,4.6,8.866666666666667
126237,2.0,49.0,33.0,26.0,9.0,8.0,1.0,1.0,3.0,2.5,67.0,42.0,24.0,13.5,9.5,7.0,10.0
126239,1.9523809523809523,69.0952380952381,44.57142857142857,35.80952380952381,13.142857142857142,11.476190476190476,3.238095238095238,4.190476190476191,11.5,3.0,95.6875,61.8125,45.375,15.5,15.0625,4.5625,7.8125
126409,4.0,112.0,80.5,63.0,14.5,18.0,4.5,7.0,7.666666666666667,3.3333333333333335,92.33333333333333,66.0,41.0,9.666666666666666,13.666666666666666,6.333333333333333,12.0
126504,4.0,80.0,57.0,36.0,9.0,12.0,4.0,8.0,0.0,0.0,40.0,27.0,13.0,5.0,7.0,1.0,5.0
126523,1.125,62.125,39.5,27.625,11.375,9.625,3.125,5.0,1.5555555555555556,2.888888888888889,82.33333333333333,51.77777777777778,30.38888888888889,14.0,12.11111111111111,6.833333333333333,11.944444444444445
126535,2.7,69.8,44.8,33.2,12.6,10.3,3.9,5.1,2.6,4.133333333333334,83.73333333333333,53.06666666666667,34.266666666666666,14.466666666666667,12.8,5.4,9.666666666666666
126610,2.01010101010101,81.79797979797979,52.303030303030305,42.58585858585859,16.383838383838384,13.626262626262626,3.121212121212121,3.98989898989899,8.121951219512194,2.268292682926829,87.29268292682927,53.26829268292683,39.0,16.78048780487805,13.78048780487805,4.390243902439025,7.439024390243903
126623,4.0,91.0,56.0,36.0,19.0,13.0,8.0,11.0,0.0,6.0,66.0,33.0,19.0,14.0,8.0,7.0,11.0
126627,0.0,112.0,76.0,49.0,20.0,18.0,6.0,10.0,0.0,5.0,56.0,35.0,19.0,6.0,7.0,10.0,15.0
126646,2.6,67.0,43.0,37.2,14.0,12.0,1.2,2.2,14.5,4.0,115.5,68.5,45.0,22.0,16.0,7.0,12.5
126652,4.0,98.0,51.5,37.0,27.5,15.0,4.5,6.5,4.666666666666667,4.222222222222222,80.33333333333333,41.77777777777778,27.88888888888889,19.77777777777778,11.88888888888889,6.0,9.555555555555555
126774,2.1176470588235294,78.94117647058823,49.02614379084967,38.22222222222222,17.50326797385621,13.130718954248366,2.915032679738562,4.163398692810458,7.544117647058823,3.088235294117647,89.3970588235294,54.3235294117647,38.8235294117647,17.13235294117647,13.75,4.5588235294117645,7.720588235294118
126845,1.0,77.0,43.333333333333336,33.666666666666664,16.0,12.333333333333334,3.0,5.333333333333333,7.333333333333333,1.5,90.0,57.833333333333336,39.166666666666664,14.333333333333334,13.833333333333334,4.833333333333333,8.666666666666666
126846,1.4,84.8,49.8,39.6,20.4,13.6,2.2,3.4,11.5,1.75,97.625,57.875,43.5,21.125,15.25,6.25,8.875
126952,3.2857142857142856,83.82142857142857,51.892857142857146,38.25,17.5,13.285714285714286,3.1785714285714284,5.178571428571429,4.647058823529412,3.676470588235294,89.5,53.94117647058823,35.705882352941174,16.823529411764707,13.764705882352942,5.617647058823529,9.794117647058824
127157,2.5833333333333335,82.66666666666667,49.5,37.25,17.416666666666668,12.583333333333334,5.416666666666667,7.25,5.476190476190476,2.857142857142857,79.95238095238095,48.333333333333336,32.61904761904762,13.333333333333334,11.666666666666666,6.0476190476190474,9.761904761904763
127760,3.0,70.0,44.0,33.0,13.5,10.5,3.5,4.5,6.333333333333333,4.666666666666667,85.33333333333333,55.666666666666664,37.0,15.666666666666666,15.0,3.0,7.333333333333333
128034,1.964705882352941,75.08235294117647,48.10588235294118,37.188235294117646,15.047058823529412,12.341176470588236,2.988235294117647,4.2,8.703125,3.109375,90.265625,55.40625,39.078125,16.5625,13.8125,4.5,7.953125
131905,4.5,112.5,76.5,48.5,17.5,15.5,10.5,15.0,2.5,5.0,93.0,58.0,38.5,16.5,12.5,11.0,14.0
131934,0.0,53.0,35.0,28.0,11.0,10.0,0.0,1.0,4.0,8.5,82.5,46.0,33.0,14.5,12.0,7.0,10.5
132283,1.7272727272727273,80.6969696969697,52.833333333333336,40.45454545454545,15.393939393939394,12.878787878787879,3.090909090909091,4.424242424242424,5.323529411764706,2.3823529411764706,80.42647058823529,51.470588235294116,35.11764705882353,13.411764705882353,12.279411764705882,4.602941176470588,7.9411764705882355
132686,1.0,60.0,41.0,28.5,10.0,9.0,1.5,3.0,5.0,2.0,98.5,65.0,43.5,19.5,15.0,8.0,11.0
133297,7.5,93.0,48.0,36.5,21.5,12.5,5.0,6.5,2.6666666666666665,3.3333333333333335,51.0,25.333333333333332,19.666666666666668,10.666666666666666,8.0,3.3333333333333335,5.333333333333333
133430,5.361702127659575,81.47872340425532,48.51063829787234,38.702127659574465,17.595744680851062,13.25531914893617,3.765957446808511,5.095744680851064,7.22972972972973,5.635135135135135,85.60810810810811,50.54054054054054,36.148648648648646,16.93243243243243,13.256756756756756,4.972972972972973,8.108108108108109
134472,8.0,79.0,48.5,39.0,13.0,10.5,7.0,7.5,6.0,4.0,64.0,44.0,29.0,7.0,10.0,4.0,7.0
134770,2.0106382978723403,72.96808510638297,47.351063829787236,35.5531914893617,14.882978723404255,11.98936170212766,2.734042553191489,4.031914893617022,3.811320754716981,2.830188679245283,78.18867924528301,49.81132075471698,32.867924528301884,13.79245283018868,12.075471698113208,4.547169811320755,8.09433962264151
134868,2.25,94.75,61.0,47.583333333333336,18.833333333333332,15.166666666666666,4.5,5.666666666666667,4.3,2.75,77.15,50.25,33.55,13.45,11.85,5.1,8.35
136440,4.25,96.66666666666667,61.25,44.458333333333336,18.833333333333332,14.833333333333334,5.041666666666667,7.166666666666667,3.259259259259259,3.5925925925925926,80.48148148148148,50.96296296296296,31.74074074074074,13.074074074074074,12.185185185185185,5.703703703703703,10.333333333333334
144642,2.0,89.0,49.0,41.0,20.0,14.0,5.0,7.0,5.5,1.75,97.5,64.75,43.25,15.5,14.75,7.0,11.0
144684,2.263157894736842,88.52631578947368,57.73684210526316,40.0,17.842105263157894,13.842105263157896,4.7894736842105265,7.052631578947368,3.0,1.7333333333333334,78.53333333333333,51.4,31.8,12.533333333333333,12.133333333333333,5.133333333333334,9.466666666666667
144707,3.48,86.52,59.12,40.56,14.84,13.64,4.68,7.16,2.2,3.8,79.1,51.5,31.2,11.8,11.666666666666666,4.866666666666666,9.533333333333333
144719,2.488888888888889,75.5111111111111,48.888888888888886,35.31111111111111,14.0,11.777777777777779,3.8666666666666667,5.911111111111111,3.519230769230769,3.076923076923077,88.0,57.23076923076923,37.25,14.211538461538462,13.153846153846153,5.346153846153846,9.48076923076923
144750,2.4634146341463414,81.60975609756098,53.46341463414634,42.19512195121951,15.048780487804878,13.487804878048781,3.4390243902439024,4.7073170731707314,7.790697674418604,2.2093023255813953,74.53488372093024,48.13953488372093,33.72093023255814,10.86046511627907,11.465116279069768,4.255813953488372,7.6976744186046515
144817,3.0,74.5,43.166666666666664,33.166666666666664,19.666666666666668,12.333333333333334,3.1666666666666665,4.333333333333333,8.333333333333334,4.333333333333333,86.88888888888889,48.0,34.666666666666664,18.444444444444443,13.0,4.222222222222222,7.444444444444445
144869,3.5,68.5,54.5,40.5,6.5,12.5,1.0,2.5,3.2857142857142856,3.142857142857143,79.85714285714286,52.857142857142854,31.714285714285715,12.285714285714286,11.0,5.857142857142857,9.857142857142858
144895,2.935483870967742,92.19354838709677,64.0,44.193548387096776,15.225806451612904,14.290322580645162,4.645161290322581,7.193548387096774,1.775,3.4,78.675,52.825,31.9,11.225,12.2,4.55,9.4
200000,3.825242718446602,77.06796116504854,49.84466019417476,39.22330097087379,14.650485436893204,12.533980582524272,3.1262135922330097,4.398058252427185,7.2835820895522385,5.119402985074627,79.68656716417911,49.208955223880594,34.417910447761194,13.776119402985074,12.388059701492537,4.701492537313433,8.17910447761194
200005,2.6666666666666665,80.46666666666667,50.82222222222222,40.022222222222226,16.57777777777778,13.066666666666666,3.1333333333333333,4.377777777777778,7.42,3.0,91.18,56.24,39.42,17.08,14.0,5.14,8.52
200059,2.0,59.0,38.0,31.0,11.0,10.0,0.0,1.0,5.0,2.6666666666666665,79.66666666666667,44.666666666666664,30.0,17.0,11.333333333333334,6.666666666666667,10.333333333333334
200095,2.0,80.33333333333333,50.0,36.333333333333336,15.666666666666666,12.333333333333334,4.333333333333333,6.333333333333333,1.6,3.6,73.6,47.0,28.6,12.4,11.8,3.0,7.8
200175,1.8666666666666667,75.8,46.06666666666667,34.5,17.3,12.1,3.7,5.2,3.017857142857143,2.375,81.76785714285714,50.107142857142854,32.0,15.321428571428571,11.696428571428571,5.321428571428571,9.053571428571429
200221,2.6222222222222222,89.55555555555556,60.37777777777778,41.82222222222222,15.688888888888888,13.977777777777778,4.688888888888889,7.333333333333333,2.227272727272727,3.1363636363636362,86.5909090909091,59.15909090909091,36.34090909090909,12.909090909090908,12.704545454545455,4.9772727272727275,9.363636363636363
200240,2.3333333333333335,53.0,29.333333333333332,23.333333333333332,13.0,10.0,1.3333333333333333,3.0,1.3333333333333333,4.666666666666667,51.0,30.0,16.666666666666668,8.666666666666666,9.333333333333334,2.3333333333333335,7.333333333333333
200267,3.0,75.0,52.0,39.0,10.0,10.0,8.0,9.0,5.75,3.25,91.25,57.75,39.5,16.0,14.5,4.75,8.5
200282,1.9555555555555555,72.67777777777778,44.022222222222226,32.855555555555554,16.144444444444446,11.38888888888889,3.088888888888889,4.533333333333333,3.15625,2.765625,86.203125,51.84375,33.921875,16.921875,12.796875,5.421875,9.265625
200303,5.0,76.0,44.0,27.0,15.0,11.0,0.0,4.0,3.5,2.5,60.5,36.5,25.0,11.0,11.0,1.5,5.0
200325,2.4857142857142858,69.31428571428572,46.02857142857143,34.285714285714285,13.114285714285714,11.0,3.6,4.885714285714286,3.1818181818181817,4.181818181818182,78.18181818181819,51.666666666666664,33.696969696969695,12.121212121212121,12.303030303030303,4.0606060606060606,8.030303030303031
200384,2.9375,99.125,55.5,37.5625,23.6875,14.75,6.5,9.5625,2.5789473684210527,2.789473684210526,90.57894736842105,51.31578947368421,33.1578947368421,17.63157894736842,12.578947368421053,7.7368421052631575,12.052631578947368
200484,2.6666666666666665,94.66666666666667,59.666666666666664,46.0,20.0,14.333333333333334,1.6666666666666667,2.6666666666666665,7.0,4.857142857142857,84.71428571428571,48.285714285714285,32.857142857142854,16.571428571428573,11.857142857142858,6.285714285714286,9.428571428571429
200514,2.4,90.6,59.8,41.8,16.8,14.6,4.6,7.4,6.333333333333333,2.7777777777777777,82.11111111111111,51.44444444444444,34.666666666666664,14.555555555555555,11.666666666666666,4.777777777777778,7.777777777777778
200611,1.0,72.0,46.0,38.0,14.0,12.0,3.0,3.0,4.4,3.6,80.8,44.8,26.6,16.0,13.0,4.2,10.2
200615,3.6,78.53333333333333,47.6,36.333333333333336,17.566666666666666,12.266666666666667,3.3333333333333335,4.733333333333333,8.886363636363637,4.5,92.75,55.77272727272727,40.43181818181818,17.636363636363637,13.931818181818182,5.5227272727272725,8.568181818181818
200624,2.4705882352941178,76.58823529411765,50.529411764705884,36.73529411764706,13.970588235294118,12.117647058823529,4.352941176470588,6.117647058823529,5.16,3.32,80.8,50.4,33.36,13.68,12.4,4.44,8.44
200670,4.333333333333333,75.0,44.0,32.0,16.0,12.333333333333334,1.6666666666666667,3.6666666666666665,4.571428571428571,4.142857142857143,84.14285714285714,47.0,32.285714285714285,15.142857142857142,11.857142857142858,5.0,9.285714285714286
202090,0.0,52.0,41.0,29.0,6.0,9.0,1.0,2.0,1.0,3.0,60.666666666666664,38.666666666666664,21.0,10.0,9.0,4.0,8.333333333333334
202103,2.6666666666666665,73.0,44.5,30.944444444444443,15.222222222222221,11.0,5.277777777777778,7.277777777777778,1.625,3.0625,78.6875,50.5,30.75,12.6875,11.6875,5.0625,9.5
202104,2.0,71.61111111111111,51.27777777777778,36.05555555555556,11.444444444444445,11.5,3.7222222222222223,5.388888888888889,1.5833333333333333,1.75,76.25,55.916666666666664,32.916666666666664,10.833333333333334,11.583333333333334,4.5,8.25
202195,7.0,89.85,57.1,46.8,18.4,14.65,2.8,3.7,11.789473684210526,8.68421052631579,89.73684210526316,56.05263157894737,40.526315789473685,16.36842105263158,13.578947368421053,4.631578947368421,7.526315789473684
202385,1.2916666666666667,76.04166666666667,49.708333333333336,36.208333333333336,15.041666666666666,12.166666666666666,2.8333333333333335,4.291666666666667,1.3571428571428572,1.2142857142857142,73.92857142857143,48.714285714285715,28.714285714285715,12.642857142857142,11.428571428571429,3.642857142857143,7.928571428571429
202400,4.0,117.0,73.0,55.0,25.0,15.0,9.0,10.0,4.0,8.0,70.0,38.0,23.0,12.0,10.0,5.0,9.0
205734,3.0,82.75,48.125,34.75,18.25,12.25,5.125,7.25,3.888888888888889,1.8888888888888888,64.77777777777777,38.77777777777778,26.333333333333332,13.11111111111111,10.666666666666666,2.5555555555555554,5.555555555555555
206173,1.8032786885245902,76.19672131147541,45.98360655737705,33.967213114754095,16.901639344262296,11.918032786885245,4.065573770491803,5.622950819672131,2.4516129032258065,2.161290322580645,73.35483870967742,43.903225806451616,27.903225806451612,13.67741935483871,11.129032258064516,4.290322580645161,8.32258064516129
206748,1.6666666666666667,71.0,45.333333333333336,35.666666666666664,14.666666666666666,12.333333333333334,2.3333333333333335,3.3333333333333335,3.3333333333333335,2.6666666666666665,81.0,52.333333333333336,36.333333333333336,12.333333333333334,11.333333333333334,5.666666666666667,8.333333333333334
206909,1.1363636363636365,78.72727272727273,48.81818181818182,38.09090909090909,18.045454545454547,12.772727272727273,1.8636363636363635,2.727272727272727,7.45,2.7,91.3,56.55,40.35,16.05,13.85,5.25,8.55
207213,0.0,46.0,27.0,18.0,10.0,9.0,0.0,2.0,3.5,3.0,72.0,37.0,20.5,15.5,10.5,4.0,9.0
207518,1.84375,81.8125,54.28125,38.125,14.5,12.65625,4.03125,6.21875,2.3461538461538463,2.576923076923077,76.03846153846153,48.19230769230769,30.384615384615383,13.653846153846153,11.923076923076923,4.1923076923076925,8.0
207678,1.75,72.875,53.0,35.25,11.125,11.75,5.5,7.875,1.2,2.6,66.0,39.6,21.6,11.6,9.8,3.6,8.4
207733,1.875,65.625,39.0,31.25,14.875,10.75,2.75,3.75,7.833333333333333,4.0,79.5,44.166666666666664,31.5,18.0,11.166666666666666,5.166666666666667,7.5
207799,1.0,58.0,44.0,31.0,4.0,10.0,2.0,5.0,1.0,1.0,51.0,39.0,17.0,6.0,7.0,4.0,9.0
207830,2.0,93.33333333333333,58.666666666666664,44.0,17.0,15.0,8.0,10.0,4.4,2.0,102.2,68.6,43.2,18.4,15.0,5.8,9.6
207989,2.111111111111111,76.5111111111111,49.955555555555556,36.71111111111111,15.155555555555555,12.444444444444445,3.533333333333333,5.222222222222222,2.35,2.95,83.35,52.4,33.1,14.65,12.85,5.2,9.75
208013,5.0,90.0,60.0,38.0,13.0,12.0,6.0,9.0,2.0,8.0,47.0,26.0,17.0,7.0,8.0,1.0,5.0
208029,2.0,63.416666666666664,41.5,30.666666666666668,12.166666666666666,10.416666666666666,2.6666666666666665,4.166666666666667,3.526315789473684,4.368421052631579,77.57894736842105,47.0,30.894736842105264,14.105263157894736,12.368421052631579,4.0,8.105263157894736
208103,1.6,73.2,46.4,33.8,13.8,12.2,2.0,4.6,6.625,4.0,97.125,61.75,42.25,17.0,14.875,6.25,10.0
208260,5.0,133.0,86.0,69.0,26.0,22.0,2.0,3.0,2.0,2.0,115.0,81.0,46.5,17.0,17.0,6.0,13.0
208502,4.5,97.75,59.5,48.0,20.75,14.75,3.75,5.0,9.6,3.4,74.8,40.8,32.0,15.2,12.6,2.6,5.8
209209,3.0,80.25,45.0,31.5,18.0,11.5,6.25,9.0,0.0,2.0,61.0,27.0,14.0,16.0,8.0,5.0,9.0
